1111111111111111111111111111111111
1111111111111111111111111111111111
1111111111111111111111111111111111
1111111111111111111111111111111111
1000000000000000000000000000000001
1001110010011111001111100100111001
1000000010000000000000000100000001
1110011110010011111100100111100111
0000000000010000000000100000000000
1110011001111100110011111001100111
1000011000000000110000000001100001
1001111001111100000011111001111001
0000000000000000110000000000000000
1001111111110011111100111111111001
1001000000000000000000000000001001
1000001100111111001111110011000001
1111001100100000000000010011001111
1000001100100111001110010011000001
1001111100100100000010010011111001
1000000000000000110000000000000001
1111111111111111111111111111111111
1111111111111111111111111111111111